%YAML:1.0
Camera Count: 2
Point Count: 88
Rotations:
   - !!opencv-matrix
      rows: 3
      cols: 3
      dt: d
      data: [1.0, 0.0, 0.0, 0.0, 1.0, 0.0, 0.0, 0.0, 1.0]
   - !!opencv-matrix
      rows: 3
      cols: 3
      dt: d
      data: [0.9572069266370887, -0.018964886200380206, -0.2887823275226272, 0.04118520536627441, 0.9966211523533043, 0.07106375687303362, 0.2864588599728015, -0.07991627977689197, 0.9547537429985307]
Motions:
   - !!opencv-matrix
      rows: 3
      cols: 1
      dt: d
      data: [0.0, 0.0, 0.0]
   - !!opencv-matrix
      rows: 3
      cols: 1
      dt: d
      data: [0.9874814084029631, -0.06748877029040212, -0.1425683483217432]
Points:
  - [-0.728832, -1.10847, 3.38615]
  - [-0.487017, -0.7294, 3.34949]
  - [-0.183444, -0.717838, 3.33494]
  - [-0.16199, -0.463319, 3.30588]
  - [-0.117871, -0.450984, 3.32812]
  - [-0.117581, -0.47853, 3.31716]
  - [0.213812, -1.03665, 3.36662]
  - [0.243564, -1.06501, 3.37916]
  - [0.243564, -1.06501, 3.37916]
  - [0.28665, -0.760405, 3.35086]
  - [0.28665, -0.839768, 3.35296]
  - [0.303436, -1.09289, 3.35961]
  - [0.621833, -0.677923, 3.3211]
  - [0.669407, 0.0639948, 3.24327]
  - [0.678554, -0.118816, 3.26804]
  - [0.735845, -0.253017, 3.34723]
  - [0.737787, -0.117747, 3.26485]
  - [0.749354, -0.517575, 3.31611]
  - [0.7536, -0.467047, 3.31591]
  - [0.742378, 0.0457706, 3.25014]
  - [0.742378, 0.0457706, 3.25014]
  - [0.790677, -0.461941, 3.28657]
  - [0.792371, -0.0710328, 3.26023]
  - [0.786626, 0.0530577, 3.23634]
  - [0.963033, -1.10739, 3.33935]
  - [0.20799, -1.01457, 3.32991]
  - [0.63296, -0.536858, 3.2988]
  - [-0.456223, -0.756438, 3.36537]
  - [0.282715, -0.852026, 3.35409]
  - [0.451613, -0.860049, 3.35907]
  - [0.281524, -0.749091, 3.33807]
  - [-0.450607, -0.764738, 3.35755]
  - [0.365479, -0.939775, 3.36111]
  - [0.74104, -0.068335, 3.26258]
  - [0.741374, -0.0585186, 3.26338]
  - [0.732504, -0.517557, 3.29453]
  - [-0.483218, -0.733961, 3.35146]
  - [0.631794, -0.631013, 3.30687]
  - [0.721849, -0.483788, 3.29961]
  - [0.733676, -0.111736, 3.26508]
  - [0.377077, -1.00308, 3.35901]
  - [0.797954, -0.46603, 3.29912]
  - [-0.46198, -0.850964, 3.34673]
  - [0.783818, -0.605408, 3.2903]
  - [0.693461, -0.0715839, 3.2634]
  - [0.801003, -0.520711, 3.31183]
  - [0.681938, -0.112845, 3.26603]
  - [-0.15227, -0.753305, 3.36942]
  - [0.362413, -1.15377, 3.33002]
  - [0.758085, -0.278928, 3.26875]
  - [0.792371, -0.0710328, 3.26023]
  - [0.792383, -0.614781, 3.30574]
  - [0.370956, -0.660435, 3.33773]
  - [0.622547, -0.881215, 3.30643]
  - [0.79312, -0.912862, 3.34527]
  - [-0.291093, -0.902832, 3.40425]
  - [-0.305235, -0.882809, 3.33664]
  - [0.693489, -0.510205, 3.32018]
  - [0.730161, -0.214654, 3.26678]
  - [0.6051, -0.849859, 3.29843]
  - [0.263078, -1.05819, 3.37376]
  - [-0.222798, -0.583278, 3.31702]
  - [0.647819, 0.0699362, 3.23497]
  - [0.609493, -0.510702, 3.30369]
  - [0.389855, -0.585877, 3.32191]
  - [-0.159735, -0.745566, 3.35518]
  - [0.976289, -1.0656, 3.33031]
  - [0.390833, -0.590609, 3.325]
  - [0.637658, -0.568315, 3.28292]
  - [-0.295793, -0.518411, 3.31811]
  - [0.524995, -0.538008, 3.28223]
  - [0.754373, -0.432738, 3.30161]
  - [0.917131, -0.941066, 3.30535]
  - [-0.333902, -1.06915, 3.36453]
  - [-0.522922, -0.926926, 3.37114]
  - [-0.230962, -0.540363, 3.32739]
  - [0.997218, -1.01739, 3.3391]
  - [0.64045, -0.580079, 3.31371]
  - [0.839627, -0.137025, 3.2576]
  - [0.518682, -0.533542, 3.26927]
  - [-0.675737, -1.12981, 3.39065]
  - [-0.513667, -0.59314, 3.335]
  - [0.853425, -0.0126035, 3.26569]
  - [0.395667, -0.811382, 3.3392]
  - [0.524804, -0.79249, 3.3027]
  - [0.859528, -1.01822, 3.33242]
  - [-0.221785, -0.990285, 3.36206]
  - [0.346129, -0.797235, 3.33278]
Colors:
  - [127, 76, 56]
  - [136, 82, 52]
  - [126, 81, 48]
  - [206, 128, 62]
  - [203, 125, 59]
  - [201, 128, 60]
  - [151, 78, 48]
  - [205, 122, 60]
  - [205, 122, 60]
  - [78, 38, 19]
  - [86, 43, 22]
  - [94, 49, 28]
  - [213, 195, 178]
  - [107, 65, 60]
  - [217, 183, 129]
  - [222, 177, 103]
  - [219, 187, 121]
  - [227, 187, 135]
  - [212, 152, 92]
  - [213, 186, 129]
  - [213, 186, 129]
  - [210, 149, 81]
  - [219, 176, 113]
  - [219, 190, 123]
  - [122, 66, 49]
  - [139, 83, 54]
  - [218, 142, 90]
  - [197, 106, 51]
  - [84, 42, 19]
  - [85, 41, 24]
  - [78, 36, 17]
  - [198, 110, 50]
  - [227, 210, 191]
  - [212, 165, 109]
  - [215, 171, 117]
  - [233, 185, 127]
  - [129, 76, 43]
  - [228, 209, 188]
  - [129, 70, 44]
  - [224, 188, 128]
  - [225, 210, 191]
  - [209, 145, 81]
  - [201, 105, 52]
  - [208, 137, 73]
  - [205, 166, 98]
  - [230, 181, 125]
  - [217, 181, 117]
  - [197, 110, 46]
  - [255, 255, 255]
  - [211, 162, 94]
  - [219, 176, 113]
  - [207, 138, 68]
  - [229, 210, 189]
  - [220, 202, 185]
  - [189, 115, 57]
  - [225, 210, 191]
  - [227, 212, 193]
  - [209, 158, 95]
  - [212, 152, 93]
  - [226, 208, 191]
  - [206, 119, 62]
  - [226, 211, 192]
  - [94, 49, 22]
  - [225, 208, 189]
  - [226, 209, 188]
  - [192, 114, 48]
  - [255, 255, 255]
  - [227, 210, 189]
  - [231, 211, 194]
  - [216, 210, 191]
  - [226, 208, 191]
  - [212, 157, 90]
  - [225, 206, 191]
  - [224, 209, 190]
  - [218, 202, 185]
  - [226, 211, 192]
  - [255, 255, 255]
  - [225, 207, 190]
  - [226, 204, 186]
  - [226, 208, 191]
  - [255, 255, 255]
  - [222, 203, 188]
  - [227, 203, 181]
  - [227, 210, 189]
  - [225, 208, 189]
  - [226, 207, 192]
  - [225, 210, 191]
  - [228, 211, 190]
