%YAML:1.0
Camera Count: 5
Point Count: 1825
Rotations:
   - !!opencv-matrix
          rows: 3
          cols: 3
          dt: d
          data: [1, 0, 0, 0, 1, 0, 0, 0, 1]
   - !!opencv-matrix
          rows: 3
          cols: 3
          dt: d
          data: [0.9688724891829154, -0.10600616954127894, 0.2237158727575832, 0.1062794614669662, 0.9942770552121811, 0.010854194990169517, -0.22358617080399487, 0.013260071560086125, 0.9745939640319081]
   - !!opencv-matrix
          rows: 3
          cols: 3
          dt: d
          data: [0.9101829435777128, -0.1670109749355817, 0.37904398619589863, 0.1825811223071523, 0.9831769029657528, -0.005226016813168241, -0.37179449027288014, 0.07396290776961999, 0.9253638988403383]
   - !!opencv-matrix
          rows: 3
          cols: 3
          dt: d
          data: [0.7785583897585249, -0.22960365169770497, 0.5840624939710577, 0.23084772608325033, 0.970196357175896, 0.07367737702180985, -0.583571898825505, 0.07746735860799878, 0.8083579944872781]
   - !!opencv-matrix
          rows: 3
          cols: 3
          dt: d
          data: [0.6261689123161766, -0.27448932503882206, 0.7297726383528697, 0.2370118582339189, 0.9586989454011412, 0.15723139363131172, -0.7427905978842767, 0.07451135837220825, 0.6653647008733234]
Motions:
   - !!opencv-matrix
          rows: 3
          cols: 1
          dt: d
          data: [0, 0, 0]
   - !!opencv-matrix
          rows: 3
          cols: 1
          dt: d
          data: [-0.9896944015347656, 0.0021967307819733975, -0.14317879013531917]
   - !!opencv-matrix
          rows: 3
          cols: 1
          dt: d
          data: [-1.8223577100680366, -0.013166767930151924, -0.19315806974008431]
   - !!opencv-matrix
          rows: 3
          cols: 1
          dt: d
          data: [-2.617723187320831, -0.26381245930436137, 0.271038247052676]
   - !!opencv-matrix
          rows: 3
          cols: 1
          dt: d
          data: [-3.067837556899159, -0.42810054645095197, 0.8828000025344451]
Points:
  - [-4.82546, -1.51644, 8.46521]
  - [-4.30379, -2.79436, 8.02628]
  - [-4.40861, -1.64615, 8.54792]
  - [-4.23126, -2.0865, 8.28179]
  - [-3.71323, -2.63932, 7.6665]
  - [-3.69463, -2.66808, 7.66633]
  - [-1.79834, -0.0290253, 3.76958]
  - [-1.8367, 0.158754, 3.87981]
  - [-1.4764, 0.44012, 3.1509]
  - [-3.7022, -1.59752, 7.96046]
  - [-1.79595, 0.146755, 3.86218]
  - [-1.41467, 0.483278, 3.06638]
  - [-1.75211, 0.0308559, 3.81757]
  - [-1.75894, 0.152142, 3.87308]
  - [-1.72283, -0.0193132, 3.79373]
  - [-3.64443, -1.4633, 8.02363]
  - [-1.72505, -0.0052952, 3.79867]
  - [-3.16999, -2.69645, 7.80909]
  - [-1.41789, -0.0146867, 3.86071]
  - [-1.3316, -0.0348765, 3.83969]
  - [-1.34362, 0.116717, 3.94311]
  - [-1.34362, 0.116717, 3.94311]
  - [-1.31828, -0.0484811, 3.88255]
  - [-1.32805, 0.0870416, 3.9389]
  - [-0.761267, 0.702686, 2.52091]
  - [-2.05203, -0.876774, 6.87276]
  - [-2.16084, -2.12, 8.42699]
  - [-1.52429, -0.736895, 6.39826]
  - [-1.38936, -1.17528, 5.9519]
  - [-0.512574, 0.827565, 2.21878]
  - [-0.7581, -0.286047, 4.53873]
  - [-0.890059, -0.827481, 5.6546]
  - [-0.634892, -0.293102, 4.55808]
  - [-0.320049, 0.781457, 2.3373]
  - [-0.775388, -0.707533, 5.71353]
  - [-0.608269, -0.240277, 4.56346]
  - [-0.574441, -0.309498, 4.5584]
  - [-0.652026, -0.723308, 5.71898]
  - [-0.980639, -1.89971, 8.97986]
  - [-0.881304, -3.63253, 8.74971]
  - [-0.501954, -0.825676, 5.66007]
  - [-0.186587, 0.86097, 2.13113]
  - [-0.434555, -0.860806, 5.7628]
  - [-0.155984, 0.856436, 2.1372]
  - [-0.35283, -0.503819, 5.00085]
  - [-0.145333, 0.699217, 2.53817]
  - [-0.145333, 0.699217, 2.53817]
  - [-0.149588, 0.310886, 3.49913]
  - [-0.258356, -0.973044, 6.03219]
  - [-0.132643, 0.136765, 3.38646]
  - [-0.0922752, 0.117064, 3.40471]
  - [-0.0921356, 0.132757, 3.39751]
  - [-0.0676832, 0.129671, 3.40837]
  - [-0.12493, -3.66114, 13.7626]
  - [-0.00950464, 0.771436, 2.33626]
  - [0.0360597, 0.583464, 2.83922]
  - [0.0598559, 0.267163, 3.67218]
  - [0.0735507, 0.240827, 3.70685]
  - [0.728766, -2.17302, 9.51676]
  - [0.259025, 0.813549, 2.22904]
  - [1.10159, -2.58121, 9.2721]
  - [1.09853, -3.75378, 8.97281]
  - [1.11996, -3.7322, 8.97073]
  - [1.27635, -1.6847, 9.08557]
  - [1.26893, -1.86345, 8.9547]
  - [1.27535, -1.91995, 9.00065]
  - [0.655233, -0.154184, 4.16201]
  - [0.383781, 0.750363, 2.40221]
  - [0.362356, 0.820995, 2.21902]
  - [1.54875, -2.22825, 8.8854]
  - [0.75303, -0.252814, 4.25941]
  - [0.773134, 0.0814782, 4.20317]
  - [0.764929, -0.138687, 4.15769]
  - [0.439105, 0.808276, 2.25318]
  - [0.828664, -0.192175, 4.22707]
  - [0.814212, -0.136679, 4.15221]
  - [0.830494, -0.220629, 4.20987]
  - [1.81188, -1.85493, 9.18799]
  - [2.37096, -1.9765, 9.85309]
  - [2.37577, -2.05989, 9.87245]
  - [0.612178, 0.692835, 2.51907]
  - [1.03383, 0.145427, 4.0146]
  - [0.634981, 0.718044, 2.46854]
  - [2.53575, -1.96556, 9.71114]
  - [2.5304, -2.07236, 9.68976]
  - [2.53185, -2.2566, 9.69476]
  - [2.54679, -2.04324, 9.70796]
  - [2.42102, -3.71518, 8.98193]
  - [2.6788, -1.99765, 9.84842]
  - [2.54709, -3.75941, 9.162]
  - [2.64965, -3.11949, 9.52977]
  - [2.8302, -2.14352, 9.79697]
  - [0.880165, 0.545204, 2.93687]
  - [1.01243, 0.447242, 3.19782]
  - [2.95603, -3.03114, 8.76764]
  - [2.92529, -3.55518, 8.49551]
  - [1.06722, 0.577176, 2.80537]
  - [1.39496, 0.357033, 3.4366]
  - [1.48937, 0.443729, 3.17875]
  - [1.42483, 0.531056, 2.95078]
  - [1.44099, 0.536254, 2.94632]
  - [1.24648, 0.702357, 2.50642]
  - [1.2874, 0.694484, 2.50433]
  - [1.70732, 0.470163, 3.10833]
  - [1.8724, 0.388309, 3.35641]
  - [-0.663002, -0.278404, 4.56141]
  - [-0.0777038, -2.01414, 7.55352]
  - [2.84531, -1.98592, 9.45423]
  - [-1.8433, 0.156567, 3.87357]
  - [-0.0390368, 0.13444, 3.4218]
  - [0.871704, 0.0478817, 4.26291]
  - [1.83176, 0.362174, 3.44728]
  - [-4.57409, -1.89357, 8.53047]
  - [0.718019, -2.17491, 9.52639]
  - [-4.62288, -1.91459, 8.60231]
  - [-0.508703, -0.822319, 5.66137]
  - [1.45128, 0.611975, 2.79573]
  - [-0.0481704, 0.140387, 3.45212]
  - [-1.69681, -0.011311, 3.7967]
  - [2.49255, -2.00191, 9.81659]
  - [-1.41492, -0.0125792, 3.86464]
  - [-1.40913, -0.00782392, 3.84886]
  - [0.282701, 0.59138, 2.83597]
  - [-0.106525, 0.2294, 3.45839]
  - [-2.70893, -2.21836, 8.55424]
  - [-2.70893, -2.21836, 8.55424]
  - [2.46943, -2.03535, 9.81844]
  - [-3.70283, -1.60322, 7.94122]
  - [-0.116553, 0.134203, 3.39779]
  - [3.01496, -1.24997, 7.72633]
  - [-0.518199, 0.827836, 2.2218]
  - [-2.71232, -1.85933, 8.79931]
  - [0.610868, 0.694129, 2.52715]
  - [-3.64534, -1.46941, 8.00436]
  - [-3.68406, -2.04138, 7.90121]
  - [2.53552, -2.05974, 9.71015]
  - [-1.00432, -1.78443, 8.99759]
  - [-4.91037, -1.69473, 8.61447]
  - [2.98386, -2.8882, 8.57427]
  - [0.693454, 0.591086, 2.79742]
  - [-1.70458, -2.9002, 8.09716]
  - [-4.32895, -1.79062, 8.49281]
  - [0.820591, -3.0292, 9.25525]
  - [0.85982, -0.122651, 4.15522]
  - [-3.04345, -2.86551, 8.89912]
  - [-1.02843, -1.96595, 9.01826]
  - [-2.59705, -2.42682, 8.87691]
  - [2.64666, -2.37605, 9.60225]
  - [-1.7822, 0.141384, 3.87253]
  - [-1.46177, -0.0258749, 3.82873]
  - [-3.61028, -1.42809, 7.9909]
  - [-4.18329, -1.8436, 8.366]
  - [1.36603, -2.61316, 8.88207]
  - [3.02361, -1.37619, 7.70087]
  - [-4.35089, -1.63981, 8.53609]
  - [-4.14495, -1.81098, 8.3084]
  - [-0.775369, -0.255063, 4.57618]
  - [-3.18866, -1.61259, 8.76604]
  - [0.779774, -0.116294, 4.18169]
  - [0.0180266, 0.794354, 2.28346]
  - [-3.18569, -1.78534, 8.64358]
  - [0.733016, -0.0942102, 4.17603]
  - [-4.33118, -1.58792, 8.35879]
  - [-0.418044, -0.846099, 5.72916]
  - [-2.45911, -2.14792, 7.67776]
  - [1.63895, 0.313532, 3.47081]
  - [-3.20609, -2.7419, 8.06562]
  - [-4.30728, -1.42172, 8.332]
  - [-3.17686, -2.16778, 7.89615]
  - [0.0080555, -3.73946, 13.7983]
  - [-0.707528, -0.257423, 4.56419]
  - [-1.64789, 0.0281254, 3.81026]
  - [1.32166, -2.54758, 8.59362]
  - [0.585904, 0.765698, 2.3535]
  - [-0.391054, -0.871028, 5.84108]
  - [-0.677323, -0.747069, 5.70033]
